log = 10
[scope]
    [[VerticalRef]]
        coupling = 1
        channelList = 1
        enabled = True
        probeAttenuation = 1.0
        offset = 0.0
        voltageRange = 10
    [[Horizontal]]
        numPts = 2000
        sampleRate = 40000000.0
        enforceRealtime = True
        numRecords = 1
        refPosition = 0.0
    [[Trigger]]
        slope = 1
        delay = 0.06
        triggerCoupling = 1
        level = 0.0
        trigger_type = Edge
        triggerSource = VAL_EXTERNAL
        holdoff = 0.0
    [[ChanCharacteristic]]
        maxFrequency = 1000000
    [[VerticalSample]]
        coupling = 1
        channelList = 0
        enabled = True
        probeAttenuation = 1.0
        offset = 0.0
        voltageRange = 10
[resample_poly_coef]
    p0 = 6.17054601374e-15
    p1 = -9.40072303184e-12
    p2 = 5.982524055e-09
    p3 = -2.05594448739e-06
    p4 = 0.000425289542684
    p5 = -0.0564131456233
    p6 = 8.86413597138
    p7 = 2.69116773582
